cam0=[978.52205681 0 639.02930508; 0 979.16731793 466.65926906; 0 0 1]
cam1=[978.52205681 0 689.02930508; 0 979.16731793 466.65926906; 0 0 1]
doffs=50
baseline=30
width=1600
height=1200
ndisp=200
isint=0
vmin=25
vmax=248
dyavg=0
dymax=0
