cam0=[[9.78522057e+02 0.00000000e+00 1.76836842e+03 0.00000000e+00]
 [0.00000000e+00 9.78522057e+02 2.25750523e+03 0.00000000e+00]
 [0.00000000e+00 0.00000000e+00 1.00000000e+00 0.00000000e+00]]
cam1=[[9.78522057e+02 0.00000000e+00 1.76836842e+03 0.00000000e+00]
 [0.00000000e+00 9.78522057e+02 2.25750523e+03 9.78522057e+02]
 [0.00000000e+00 0.00000000e+00 1.00000000e+00 0.00000000e+00]]
doffs=0.0
baseline=0.0
width=3024
height=4032
ndisp=0
